0 0.584040 0.221583 0.099751 0.142017
1 0.768495 0.359454 0.071654 0.307569
1 0.369493 0.541589 0.063342 0.117144
1 0.282793 0.471383 0.041563 0.130249
1 0.119618 0.437149 0.043724 0.122225
2 0.491604 0.899305 0.091438 0.090131
2 0.762261 0.899305 0.048878 0.076758
2 0.155445 0.726397 0.042560 0.038513
0 0.128013 0.320139 0.049875 0.065258
0 0.284289 0.352768 0.042560 0.036908
0 0.726517 0.117010 0.083126 0.103504
3 0.891106 0.460551 0.067498 0.085049
3 0.631421 0.480610 0.075810 0.085049
0 0.681214 0.307569 0.044722 0.040118
0 0.019867 0.431265 0.031089 0.023268
